0.8638076943336609
0.9402532717348888
1.0495755814171088
1.0139511806591683
1.0693960598530372
1.041456661385648
1.027175
1.0095408882020855
1.0225744052273587
1.064976031852433
1.058736813084114
0.8333333333333334
0.6885857320042589
1.11516
0.8269656477613274
0.9500000000000002
0.8592633528720381
1.0125
0.8778554397608508
1.0791340203862994
0.9793888900193151
0.9259744250080163
0.7799048701025463
1.0795394359426662
0.8229084642367575
0.7999982218286992
0.8000000000000002
0.6404484704190097
0.8978889943625342
0.8902910147148347
0.8456077972297388
1.0752952554485644
1.0495573238957396
0.914720710479239
0.9444499999999999
1.0640045207910316
1.0640045207910316
1.13155
1.0
1.08986
0.8952399999999999
0.96774
0.8953180888411505
0.8699330850936883
0.9750190010840326
0.9345454120363945
0.8927136650147673
1.100726075916794
0.93334
0.93334
0.5180005108372756
0.6964125
1.0386481670923142
1.0764889211009694
0.9205947510134117
1.0903237694394092
1.0574928750343762
1.0626206571355412
1.123978292344518
0.8173
0.8931812181536035
1.0340598233667635
0.9260281697729607
1.030413485498377
1.021367877579752
1.0640045207910316
1.112136754381183
1.0640045207910316
1.05734156045662
1.043332903288214
1.0817409159033031
1.029000760852563
1.053651752613072
1.0646742107681106
1.0535124999999999
0.9594617198382521
1.0755966216079111
1.0693960598530372
1.0867822985688096
0.8165061862518331
0.9573369664538969
1.1003404916133033
1.1003404916133033
1.0334602118093927
1.0833737427758792
1.0476004910599073
0.9831255620368199
0.9788167306639565
0.8000000000000002
0.7725247748697667
0.9402496116876319
0.9464249999999998
0.9958431070276718
1.078584977246957
1.078584977246957
1.0868557495707383
1.0868557495707383
1.0868557495707383
0.7670439854678196
0.873251204419054
1.0572711874576983
0.873320513087779
0.8801278436182132
0.6858664650644674
0.75
1.0117778513454823
0.9663084360324669
1.0185166666666667
0.7117913579323111
0.8433342994028903
1.0868557495707383
1.0703574461050445
0.9008623560167317
1.1089033323990862
0.9388321936425754
0.6
1.0796249767061556
0.7258296322591943
0.8876377525394267
0.9374662085777848
1.0714045207910319
1.012165088428022
1.0751964287802103
1.1081249999999998
1.0390551042074478
0.8790640066302323
0.85
1.1004864485605286
1.020502336787324
1.02333633248628
1.1595125
0.9362216680466756
0.7626614367493034
0.863351805260271
0.7626614367493034
0.6858664650644674
0.7619000000000001
1.0475999999999999
0.6611000000000001
0.7955565370520539
1.0365375
0.8842422362614001
0.9551765178765205
0.8434375
0.8205739406261153
0.8877625
0.9952988006373826
1.0372344606805302
1.0616654673040493
1.0193030605076556
0.7450200543715684
1.025749894354067
1.0401444458549869
0.9617129394641926
0.8155026962812711
0.842278721631672
0.8951041216921841
1.0009992967773103
0.8609684943285199
0.8379611979279089
0.6738701147783652
1.0375254665747087
1.0427715095435626
0.7659269694750968
0.7451076678887746
1.0462005952923772
0.9999213163273715
0.7139340501403754
0.9197307994881297
1.076836307917483
0.8538657045861576
1.0364076122183439
0.7888859455663706
0.7241256769723913
1.0744543561929383
0.8470919893258184
0.8706264725054175
0.7301333333333333
0.7301333333333333
1.08986
1.08986
0.6858664650644674
0.8333333333333335
1.0523908238650026
0.9413744748827773
0.9612282425415622
0.9718204116794517
0.9099788084732728
1.0896429857524215
0.7353633231709559
0.7954315079774412
0.8532756391244612
1.03334
1.0338326112838359
0.6685838965692474
0.9731420066895654
0.735158446201513
0.6756585126859534
0.7396222131903305
0.8597481245395516
0.9198925780588036
1.1079796354558618
0.9587025402597046
0.9072252302974976
1.1614749999999998
0.7023666666666667
1.0204632977249584
0.8475630694482262
0.7544596472434939
0.7840091939536593
0.8108725838262283
0.9129213320712519
0.8876312546789114
0.8866525686795181
0.935878078480468
0.9170542477569403
0.9062763488204612
1.0204632977249584
0.9871721372215589
1.0204632977249584
0.9374999999999999
0.9952441392380323
1.0807639564900637
0.8719446949693687
0.8273051295437929
0.9165304225715132
0.7985333623522577
0.8706591005519526
0.6846247234411578
1.0123875
1.002549496723818
0.8109896604481603
0.8954185769936651
0.8967846357868634
0.8
0.6863155585776046
0.8745115098786796
0.8997312998852008
0.9305422063251558
0.9366575677322617
0.6840026190620389
0.8816588312708961
0.8436046543456345
0.7742530983464692
0.8044654067584713
0.7333375
0.9100256902472655
0.7547665210017713
0.788604336767026
0.546412461560544
0.8935833732540192
1.0302023332011794
0.7935035836075647
0.8617099648166973
0.7643406527328556
0.8170184839098683
0.892058742871699
0.9512370918636769
0.9620835899997408
0.617387048017224
0.7857
1.0392347075210475
0.6181595708897221
0.7790116888754719
0.6146006764477262
0.969696328942689
0.9362060593505712
0.9012455114000559
0.7186491673103708
0.640475
0.8410458276437661
0.9127083333333331
0.7692387006892362
0.7309207611909194
0.8459552538604354
0.693882555523032
0.8527612515586303
0.8611473313469897
0.7412124529148971
0.6835180981301558
0.8378411563295233
1.010043262715521
0.7463949020292885
0.8997889718802435
0.7734590803390134
0.9286660755311572
0.9512567552975474
1.1025235893066268
0.8642219167215595
0.6692438095888861
0.9514813257795227
0.7002050467687936
0.9220713056052748
0.9338200402746899
0.9629874999999999
0.5595
0.8158666666666666
0.9494263608728849
0.8328877660168379
0.9087355213742714
0.8405003648233805
0.625092205382182
0.8449562483208217
0.8007320126153034
0.7055831229196872
0.7111040644146092
0.6360667995693498
0.7899858438886217
0.8856000727105817
0.90966
0.9140396695638568
0.9577686309793153
0.8968092073517463
0.8552272342123729
0.790223465827292
0.7175014754418976
0.7483614876020356
1.0552737644465173
0.7637417075709375
0.7942693833380818
0.7565377018922192
0.6037786246535385
0.8724457409974442
0.8442875
0.5192951716603736
0.7013276455617534
0.7083333333333334
0.9227458273521165
0.8630816077608647
0.625
0.775307969423473
0.7363806351178379
0.7711359275150577
0.9896377544445354
0.5411714285714285
0.775
0.7776079694234731
0.757478117927554
1.0251377230369991
0.8683066374064534
0.849274311523652
0.9890914657753136
0.7893775314366145
1.0520249767061556
0.9053176529472842
0.8092167848377794
0.9063056716533614
0.8169506553849807
0.5301676207164675
0.9700413308997696
0.6945659556084895
0.8009863122585148
0.7564365460509958
0.7339263114983223
1.1219922249020857
0.7950811540990258
0.8942703633726673
0.6379572057642968
0.8526982904638629
0.7833400000000001
0.9161227261186163
0.7959014127620453
0.6772575440614963
0.9005901248153508
0.8723075283859717
1.0278632977249584
0.8703612757775837
0.7028193602289544
0.7029813195991989
0.8224321936425754
0.6033928571428572
0.8647655269759087
0.5549060058014533
1.0054709246770788
0.6502966287158961
0.7614957343094135
0.7500770506802351
0.8525685535514501
0.5322264444448236
0.6493203469868756
0.6870243430584827
0.8698919955661016
0.8944076445139952
0.8658696082018501
0.6636780428457979
0.5361639777891565
0.7212107918321373
0.9971220661152549
0.7329629131445342
1.0480125
0.6226847246169279
0.8408179116693024
0.957008469401068
0.7723519514221814
0.827636799381877
0.6181798851914829
0.652893506667627
0.6972372364056466
0.7799022965138515
0.7755653735579603
0.9424004752171417
0.6251384757849249
0.8374500880383886
0.9397047701077222
0.9240367680381139
0.5094833104687727
0.5208519817007811
0.7644862070649606
0.9133471078483973
0.8723486305731185
0.8307782908239643
0.976881397981834
0.8659749999999999
0.746166991379352
0.6898159406602404
0.8586786520314552
0.7899424371656377
0.6342637416836256
0.6579109595169512
0.9292095106174973
0.7054138752737957
0.7114818226560801
0.738612681804768
0.7598726904312216
0.8028332159489637
0.9433874166987991
0.8436674507480147
0.62856
1.0517954372458371
0.9020874716284953
0.6268743769710937
0.5751159564910654
0.7178719271802529
0.9460719060100684
0.4619433551355535
0.6125228193872284
0.5097215886070211
0.8474743239423576
0.7214653940627955
0.6103365214211093
0.6569368533437193
0.5452338874769107
0.9801786911556164
0.8852134288372138
0.7580002207897862
0.6803846635195866
0.8813109774594293
0.625364597378868
0.5652570422615428
0.8094575097537782
0.928857913969453
0.791438699333113
0.6364331891220238
0.6231180511255761
0.6040980504101082
0.785943997223606
0.7186062485369648
0.9380004886820299
0.7595797070546253
0.6781220472912582
0.7066325514512124
0.9436773897276935
0.6112660433782945
0.5733455572995623
0.9897485962224828
0.717194777486483
0.6407825578624311
1.0500293200020725
0.5368156897169313
0.7461465842388695
0.7630257056446159
0.7722819995769502
0.6177473507866387
0.6872497254030405
0.5432461967387611
0.6988170408425511
0.8068026261548283
0.7298846619608796
0.6776508878349814
0.694899071876586
0.6880799999999999
0.6123884159293387
0.8130895460351422
0.9884250000000001
0.7839545470102716
0.6993034184570307
0.7912841375947728
0.5955186659798634
0.842685761576086
0.8333333333333334
0.7124328477226234
0.5937273178317589
0.655318913860092
0.7216572663236713
0.6860264964866053
0.7709904860367376
0.7029597814351664
0.8320856239242
0.8141262556049528
0.8629892628471117
0.7857666761672293
0.8905560347759326
0.7706873786470757
0.7917197716453017
0.7112500275800145
0.6653019986588081
0.730722234539815
0.7682352563430426
0.9296422193071369
0.9400391253504462
0.7262
0.58367861527627
0.6044599503250315
0.7424143744354705
0.7258321108944222
0.6440470511816964
0.5959822395069546
0.8071278372328422
0.7504515796798559
0.6419508916394763
0.7255217832531974
0.7734061962773117
0.76
0.6461697924130534
1.0229395068414855
0.5526393496973784
0.679343901857255
0.3396387161836298
0.8072500557544366
0.6248283625328612
0.5038221304651422
0.7368090913484479
0.6113191223266058
0.6142923077547299
0.5551218075217415
0.6052204708606784
0.7734480415795946
0.7804169701642458
0.6869740788085561
0.6459094985312486
0.8155806071837235
0.7811592389632744
0.5695690606443068
0.6350655514558684
0.7224193339821261
0.7714214746412884
0.638868648452894
0.6975160574868867
0.4927202091914206
0.4448636416398594
0.7953853144892009
0.6567908922502282
0.8509248194981696
0.89756639887542
0.6729365079818833
0.4107403750416224
0.40421906915510186
0.6611080117813274
0.5168758531621486
0.7101138462891444
0.6276911003425756
0.7620468471335714
0.6891087771620784
0.8021769811096193
0.5370333333333334
0.736771464167965
0.8794925426476276
0.5818380694679327
0.7918934543082786
0.9731329733075983
0.39808690128813723
0.594728522937158
0.8337529871633141
0.6550584647206295
0.8686125
0.8443671333603001
0.6616539749579667
0.709250902174237
0.9662636179816352
0.48285693623648884
0.5957275923403954
0.5334437195877964
0.7416777817017899
0.6648760595874185
0.7419085687988077
0.7220500718693926
0.57484
0.7085812848453549
0.8764976246522869
0.8718671380082785
0.7614631104243078
0.4166666666666667
0.8869500818074156
0.8295383849988437
0.7592961277787942
0.6645004818958281
0.8220419493828174
0.7353813075888126
0.8564473932140798
0.848761821292676
0.685804044802605
0.8150769677355332
0.8466030188185445
0.9147492522043371
0.7315478657334874
0.5590351869531883
0.6655325288964657
0.6071541941279348
0.7955749036029992
0.8574210795378064
0.6121121987249891
0.7336056115716535
0.7208845542520541
0.5219482882642741
0.7044844434922873
0.22559223176554563
0.7459912810841793
0.43463333652237646
0.5321389169366572
0.687710029578985
0.47579565044173294
0.6443022866690755
0.6193238010569716
0.6325554962991461
0.8909282652315745
0.5930360768997855
0.7040779347449296
0.5621969339573435
0.6972468345748283
0.5735543156651375
0.5949117853117761
0.6941258007696833
0.702000459716698
0.700942890136263
0.41841128357815477
0.7842137499190538
0.6091210688179973
0.7259476139683555
0.4934890480796485
0.4839622185120532
0.7545350769561316
0.4641252400380639
0.7135311397219165
0.6407020925919336
0.46419871572023935
0.643577243773
0.653997891496025
0.506183535154467
0.6408687910826135
0.5747891536723857
0.6114168109473443
0.8142831477273708
0.9675579581805569
0.6153494092211778
0.6645282104574937
0.48166342972174364
0.823429322437934
0.3050005086718226
0.853189933068022
0.7332204786360915
0.6807320824439346
0.5742701135240025
0.54591113116001
0.6536395694438609
0.7640756632498047
0.6719154882203785
0.8406669675975105
0.5246028237104378
0.630860956019016
0.5025660969615422
0.30136960979725225
0.5862387654426572
0.7950077785967627
0.5945364462497873
0.6231949360824279
0.6307032898093359
0.5191833434209537
0.733180598262166
0.4234655357263879
0.2722099887160555
0.7263884706757089
0.3805779764277552
0.6867358974415099
0.7344673221671736
0.5743383855371589
0.5119279620105135
0.5905772795768569
0.8852096187082584
0.5212461820024534
0.6435717707072042
0.7071126387981642
0.5024769669558998
0.5995273640594223
0.6900045008262256
0.6704591132935904
0.5656994627989052
0.7286883113298158
0.5488382528308252
0.5489121009309875
0.9368995248713212
0.7379625
0.8111105707359351
0.737194201973485
0.8014073152148669
0.6992797478090559
0.7500148894117163
0.708858605437413
0.5559343295978616
0.6067485684620919
0.7932152486222914
0.49005849756940467
0.7930863550821073
0.6079744552423242
0.8245366931363567
0.7130857750072879
0.6691067962113262
0.76579710554382
0.6232494309577306
0.6408701400418996
0.5481132383516505
0.6613207904423658
0.6666666666666666
0.8715359714958553
0.7521039672957477
0.6308775734491864
0.7873233282282323
0.6006118656817729
0.8298397004972115
0.2746145671850865
0.3442756365836629
0.6408396991659601
0.41554396510645225
0.6627576837167735
0.586228493972338
0.6383950416577457
0.47941509475283467
0.5432891759841465
0.6462110348163167
0.30509404959103414
0.45760639924554536
0.6799369127086526
0.7800392101201702
0.5181316934377012
0.6168468778648744
0.31887116665802423
0.629381781377324
0.502419979335418
0.5328367235508066
0.5250812717046462
0.7635050717122909
